family  gene_a  gene_b  length  n_diff  pct_identity                                                              diff_positions  frac_assignable_50nt  frac_assignable_101nt
    U1  RNU1-1  RNU1-3     164       0         100.0                                                                                             0.000                  0.000
    U1  RNU1-1  RNU1-4     164       0         100.0                                                                                             0.000                  0.000
    U1  RNU1-1  RNU1-2     164       0         100.0                                                                                             0.000                  0.000
    U1  RNU1-3  RNU1-4     164       0         100.0                                                                                             0.000                  0.000
    U1  RNU1-3  RNU1-2     164       0         100.0                                                                                             0.000                  0.000
    U1  RNU1-4  RNU1-2     164       0         100.0                                                                                             0.000                  0.000
    U2 RNU2-2P  RNU2-1     191       6          96.9                                                     108,109,110,111,170,189                 0.528                  0.923
    U4  RNU4-2  RNU4-1     141       4          97.2                                                                37,88,99,113                 0.989                  1.000
    U5 RNU5A-1 RNU5B-1     116       7          94.0                                                    25,84,86,104,106,107,109                 0.866                  1.000
    U5 RNU5E-1 RNU5A-1     120      10          91.7                                             20,25,65,69,71,73,81,84,112,116                 1.000                  1.000
    U5 RNU5E-1 RNU5B-1     120      11          90.8                                         20,65,69,71,73,81,84,86,110,111,116                 1.000                  1.000
    U5 RNU5E-1 RNU5F-1     120      15          87.5                             20,22,25,64,69,71,73,79,82,83,97,99,111,112,116                 1.000                  1.000
    U5 RNU5F-1 RNU5B-1     117      15          87.2                          20,22,25,64,65,73,82,84,98,100,105,106,107,108,110                 1.000                  1.000
    U5 RNU5E-1 RNU5D-1     120      16          86.7                        3,69,70,71,73,79,81,84,86,97,107,109,112,114,115,119                 0.775                  1.000
    U5 RNU5F-1 RNU5A-1     117      16          86.3                          20,22,25,64,65,73,79,83,84,85,86,87,98,100,106,108                 1.000                  1.000
    U5 RNU5D-1 RNU5B-1     116      16          86.2                         3,20,65,69,70,71,73,79,81,86,99,109,110,111,112,115                 1.000                  1.000
    U5 RNU5D-1 RNU5A-1     116      21          81.9       3,20,25,65,69,70,71,73,79,81,84,86,97,101,103,104,105,110,111,112,115                 1.000                  1.000
    U5 RNU5F-1 RNU5D-1     117      22          81.2 20,22,25,64,69,70,71,73,81,82,83,86,100,102,104,105,106,108,111,112,113,116                 1.000                  1.000
    U6  RNU6-7  RNU6-8     107       0         100.0                                                                                             0.000                  0.000
    U6  RNU6-1  RNU6-9     107       0         100.0                                                                                             0.000                  0.000
    U6  RNU6-1  RNU6-2     107       0         100.0                                                                                             0.000                  0.000
    U6  RNU6-9  RNU6-2     107       0         100.0                                                                                             0.000                  0.000
    U6  RNU6-7  RNU6-1     107       1          99.1                                                                         107                 0.017                  0.143
    U6  RNU6-7  RNU6-9     107       1          99.1                                                                         107                 0.017                  0.143
    U6  RNU6-7  RNU6-2     107       1          99.1                                                                         107                 0.017                  0.143
    U6  RNU6-8  RNU6-1     107       1          99.1                                                                         107                 0.017                  0.143
    U6  RNU6-8  RNU6-9     107       1          99.1                                                                         107                 0.017                  0.143
    U6  RNU6-8  RNU6-2     107       1          99.1                                                                         107                 0.017                  0.143

Family summary: minimum assignability at 101 nt reads
        n_diff  frac_assignable_101nt
family                               
U1           0                  0.000
U2           6                  0.923
U4           4                  1.000
U5           7                  1.000
U6           0                  0.000
